4313,2863,13
4314,2863,13
4313,2863,13
4314,2863,13
4313,2863,13
4314,2863,13
4313,2863,13
4314,2863,13
4313,2863,13
4314,2863,13
17253,11453,15
17253,11454,15
17253,11455,15
17253,11456,15
17254,11453,15
17254,11454,15
17254,11455,15
17254,11456,15
17255,11453,15
17255,11454,15
17255,11455,15
17255,11456,15
17256,11453,15
17256,11454,15
17256,11455,15
17257,11453,15
17257,11454,15
17257,11455,15
17258,11453,15
17258,11454,15
17258,11455,15
17259,11453,15
17259,11454,15
17259,11455,15
17260,11453,15
17260,11454,15
17261,11453,15
17261,11454,15
17262,11453,15
17262,11454,15
17263,11453,15
17263,11454,15
17264,11453,15
17253,11453,15
17253,11454,15
17253,11455,15
17253,11456,15
17254,11453,15
17254,11454,15
17254,11455,15
17254,11456,15
17255,11453,15
17255,11454,15
17255,11455,15
17255,11456,15
17256,11453,15
17256,11454,15
17256,11455,15
17257,11453,15
17257,11454,15
17257,11455,15
17258,11453,15
17258,11454,15
17258,11455,15
17259,11453,15
17259,11454,15
17259,11455,15
17260,11453,15
17260,11454,15
17261,11453,15
17261,11454,15
17262,11453,15
17262,11454,15
17263,11453,15
17263,11454,15
17264,11453,15
17253,11453,15
17253,11454,15
17253,11455,15
17253,11456,15
17254,11453,15
17254,11454,15
17254,11455,15
17254,11456,15
17255,11453,15
17255,11454,15
17255,11455,15
17255,11456,15
17256,11453,15
17256,11454,15
17256,11455,15
17257,11453,15
17257,11454,15
17257,11455,15
17258,11453,15
17258,11454,15
17258,11455,15
17259,11453,15
17259,11454,15
17259,11455,15
17260,11453,15
17260,11454,15
17261,11453,15
17261,11454,15
17262,11453,15
17262,11454,15
17263,11453,15
17263,11454,15
17264,11453,15
17265,11453,15
17266,11453,15
17267,11453,15
17253,11453,15
17253,11454,15
17253,11455,15
17253,11456,15
17254,11453,15
17254,11454,15
17254,11455,15
17254,11456,15
17255,11453,15
17255,11454,15
17255,11455,15
17255,11456,15
17256,11453,15
17256,11454,15
17256,11455,15
17257,11453,15
17257,11454,15
17257,11455,15
17258,11453,15
17258,11454,15
17258,11455,15
17259,11453,15
17259,11454,15
17259,11455,15
17260,11453,15
17260,11454,15
17261,11453,15
17261,11454,15
17262,11453,15
17262,11454,15
17263,11453,15
17263,11454,15
17264,11453,15
17265,11453,15
17266,11453,15
17267,11453,15
17253,11454,15
17253,11455,15
17254,11453,15
17255,11453,15
17254,11454,15
17254,11455,15
17255,11454,15
17255,11455,15
17256,11453,15
17257,11453,15
17256,11454,15
17256,11455,15
17257,11454,15
17257,11455,15
17258,11453,15
17259,11453,15
17258,11454,15
17258,11455,15
17259,11454,15
17259,11455,15
17260,11453,15
17261,11453,15
17260,11454,15
17261,11454,15
17262,11453,15
17263,11453,15
17262,11454,15
17263,11454,15
17264,11453,15
17265,11453,15
17266,11453,15
17267,11453,15
17253,11456,15
17254,11456,15
17255,11456,15
17253,11454,15
17253,11455,15
17254,11453,15
17255,11453,15
17254,11454,15
17254,11455,15
17255,11454,15
17255,11455,15
17256,11453,15
17257,11453,15
17256,11454,15
17256,11455,15
17257,11454,15
17257,11455,15
17258,11453,15
17259,11453,15
17258,11454,15
17258,11455,15
17259,11454,15
17259,11455,15
17260,11453,15
17261,11453,15
17260,11454,15
17261,11454,15
17262,11453,15
17263,11453,15
17262,11454,15
17263,11454,15
17264,11453,15
17265,11453,15
17266,11453,15
17267,11453,15
17253,11456,15
17254,11456,15
17255,11456,15
17253,11454,15
17253,11455,15
17254,11453,15
17255,11453,15
17254,11454,15
17254,11455,15
17255,11454,15
17255,11455,15
17256,11453,15
17257,11453,15
17256,11454,15
17256,11455,15
17257,11454,15
17257,11455,15
17258,11453,15
17259,11453,15
17258,11454,15
17258,11455,15
17259,11454,15
17259,11455,15
17260,11453,15
17261,11453,15
17260,11454,15
17261,11454,15
17262,11453,15
17263,11453,15
17262,11454,15
17263,11454,15
17264,11453,15
17265,11453,15
17266,11453,15
17267,11453,15
17253,11456,15
17254,11456,15
17255,11456,15
17253,11454,15
17253,11455,15
17254,11453,15
17255,11453,15
17254,11454,15
17254,11455,15
17255,11454,15
17255,11455,15
17256,11453,15
17257,11453,15
17256,11454,15
17256,11455,15
17257,11454,15
17257,11455,15
17258,11453,15
17259,11453,15
17258,11454,15
17258,11455,15
17259,11454,15
17259,11455,15
17260,11453,15
17261,11453,15
17260,11454,15
17261,11454,15
17262,11453,15
17263,11453,15
17262,11454,15
17263,11454,15
17264,11453,15
17265,11453,15
17266,11453,15
17267,11453,15
17253,11456,15
17254,11456,15
17255,11456,15
17253,11454,15
17253,11455,15
17254,11453,15
17255,11453,15
17254,11454,15
17254,11455,15
17255,11454,15
17255,11455,15
17256,11453,15
17257,11453,15
17256,11454,15
17256,11455,15
17257,11454,15
17257,11455,15
17258,11453,15
17259,11453,15
17258,11454,15
17258,11455,15
17259,11454,15
17259,11455,15
17260,11453,15
17261,11453,15
17260,11454,15
17261,11454,15
17262,11453,15
17263,11453,15
17262,11454,15
17263,11454,15
17264,11453,15
17265,11453,15
17266,11453,15
17267,11453,15
17253,11456,15
17254,11456,15
17255,11456,15
17253,11454,15
17253,11455,15
17254,11453,15
17255,11453,15
17254,11454,15
17254,11455,15
17255,11454,15
17255,11455,15
17256,11453,15
17257,11453,15
17256,11454,15
17256,11455,15
17257,11454,15
17257,11455,15
17258,11453,15
17259,11453,15
17258,11454,15
17258,11455,15
17259,11454,15
17259,11455,15
17260,11453,15
17261,11453,15
17260,11454,15
17261,11454,15
17262,11453,15
17263,11453,15
17262,11454,15
17263,11454,15
17264,11453,15
17265,11453,15
17266,11453,15
17267,11453,15
17253,11456,15
17254,11456,15
17255,11456,15
17253,11453,15
17253,11454,15
17253,11455,15
17254,11453,15
17255,11453,15
17254,11454,15
17254,11455,15
17255,11454,15
17255,11455,15
17256,11453,15
17257,11453,15
17256,11454,15
17256,11455,15
17257,11454,15
17257,11455,15
17258,11453,15
17259,11453,15
17258,11454,15
17258,11455,15
17259,11454,15
17259,11455,15
17260,11453,15
17261,11453,15
17260,11454,15
17261,11454,15
17262,11453,15
17263,11453,15
17262,11454,15
17263,11454,15
17264,11453,15
17265,11453,15
17266,11453,15
17267,11453,15
17253,11456,15
17254,11456,15
17255,11456,15
17253,11453,15
17253,11454,15
17253,11455,15
17254,11453,15
17255,11453,15
17254,11454,15
17254,11455,15
17255,11454,15
17255,11455,15
17256,11453,15
17257,11453,15
17256,11454,15
17256,11455,15
17257,11454,15
17257,11455,15
17258,11453,15
17259,11453,15
17258,11454,15
17258,11455,15
17259,11454,15
17259,11455,15
17260,11453,15
17261,11453,15
17260,11454,15
17261,11454,15
17262,11453,15
17263,11453,15
17262,11454,15
17263,11454,15
17264,11453,15
17265,11453,15
17266,11453,15
17267,11453,15
17253,11456,15
17254,11456,15
17255,11456,15
17253,11454,15
17253,11455,15
17254,11453,15
17255,11453,15
17254,11454,15
17254,11455,15
17255,11454,15
17255,11455,15
17256,11453,15
17257,11453,15
17256,11454,15
17256,11455,15
17257,11454,15
17257,11455,15
17258,11453,15
17259,11453,15
17258,11454,15
17258,11455,15
17259,11454,15
17259,11455,15
17260,11453,15
17261,11453,15
17260,11454,15
17261,11454,15
17262,11453,15
17263,11453,15
17262,11454,15
17263,11454,15
17264,11453,15
17265,11453,15
17266,11453,15
17267,11453,15
17253,11456,15
17254,11456,15
17255,11456,15
17253,11453,15
17253,11454,15
17253,11455,15
17254,11453,15
17255,11453,15
17254,11454,15
17254,11455,15
17255,11454,15
17255,11455,15
17256,11453,15
17257,11453,15
17256,11454,15
17256,11455,15
17257,11454,15
17257,11455,15
17258,11453,15
17259,11453,15
17258,11454,15
17258,11455,15
17259,11454,15
17259,11455,15
17260,11453,15
17261,11453,15
17260,11454,15
17261,11454,15
17262,11453,15
17263,11453,15
17262,11454,15
17263,11454,15
17264,11453,15
17265,11453,15
17266,11453,15
17267,11453,15
17253,11456,15
17254,11456,15
17255,11456,15
17253,11454,15
17253,11455,15
17254,11453,15
17255,11453,15
17254,11454,15
17254,11455,15
17255,11454,15
17255,11455,15
17256,11453,15
17257,11453,15
17256,11454,15
17256,11455,15
17257,11454,15
17257,11455,15
17258,11453,15
17259,11453,15
17258,11454,15
17258,11455,15
17259,11454,15
17259,11455,15
17260,11453,15
17261,11453,15
17260,11454,15
17261,11454,15
17262,11453,15
17263,11453,15
17262,11454,15
17263,11454,15
17264,11453,15
17265,11453,15
17266,11453,15
17267,11453,15
17253,11456,15
17254,11456,15
17255,11456,15
17253,11453,15
17253,11454,15
17253,11455,15
17254,11453,15
17255,11453,15
17254,11454,15
17254,11455,15
17255,11454,15
17255,11455,15
17256,11453,15
17257,11453,15
17256,11454,15
17256,11455,15
17257,11454,15
17257,11455,15
17258,11453,15
17259,11453,15
17258,11454,15
17258,11455,15
17259,11454,15
17259,11455,15
17260,11453,15
17261,11453,15
17260,11454,15
17261,11454,15
17262,11453,15
17263,11453,15
17262,11454,15
17263,11454,15
17264,11453,15
17265,11453,15
17266,11453,15
17267,11453,15
17253,11456,15
17254,11456,15
17255,11456,15
17253,11454,15
17253,11455,15
17254,11453,15
17255,11453,15
17254,11454,15
17254,11455,15
17255,11454,15
17255,11455,15
17256,11453,15
17257,11453,15
17256,11454,15
17256,11455,15
17257,11454,15
17257,11455,15
17258,11453,15
17259,11453,15
17258,11454,15
17258,11455,15
17259,11454,15
17259,11455,15
17260,11453,15
17261,11453,15
17260,11454,15
17261,11454,15
17262,11453,15
17263,11453,15
17262,11454,15
17263,11454,15
17264,11453,15
17265,11453,15
17266,11453,15
17267,11453,15
17253,11456,15
17254,11456,15
17255,11456,15
17253,11453,15
17253,11454,15
17253,11455,15
17254,11453,15
17255,11453,15
17254,11454,15
17254,11455,15
17255,11454,15
17255,11455,15
17256,11453,15
17257,11453,15
17256,11454,15
17256,11455,15
17257,11454,15
17257,11455,15
17258,11453,15
17259,11453,15
17258,11454,15
17258,11455,15
17259,11454,15
17259,11455,15
17260,11453,15
17261,11453,15
17260,11454,15
17261,11454,15
17262,11453,15
17263,11453,15
17262,11454,15
17263,11454,15
17264,11453,15
17265,11453,15
17266,11453,15
17267,11453,15
17253,11456,15
17254,11456,15
17255,11456,15
17253,11453,15
17253,11454,15
17253,11455,15
17254,11453,15
17255,11453,15
17254,11454,15
17254,11455,15
17255,11454,15
17255,11455,15
17256,11453,15
17257,11453,15
17256,11454,15
17256,11455,15
17257,11454,15
17257,11455,15
17258,11453,15
17259,11453,15
17258,11454,15
17258,11455,15
17259,11454,15
17259,11455,15
17260,11453,15
17261,11453,15
17260,11454,15
17261,11454,15
17262,11453,15
17263,11453,15
17262,11454,15
17263,11454,15
17264,11453,15
17265,11453,15
17266,11453,15
17267,11453,15
17253,11456,15
17254,11456,15
17255,11456,15
17253,11453,15
17253,11454,15
17253,11455,15
17254,11453,15
17255,11453,15
17254,11454,15
17254,11455,15
17255,11454,15
17255,11455,15
17256,11453,15
17257,11453,15
17256,11454,15
17256,11455,15
17257,11454,15
17257,11455,15
17258,11453,15
17259,11453,15
17258,11454,15
17258,11455,15
17259,11454,15
17259,11455,15
17260,11453,15
17261,11453,15
17260,11454,15
17261,11454,15
17262,11453,15
17263,11453,15
17262,11454,15
17263,11454,15
17264,11453,15
17265,11453,15
17266,11453,15
17267,11453,15
17253,11456,15
17254,11456,15
17255,11456,15
17253,11453,15
17253,11454,15
17253,11455,15
17254,11453,15
17255,11453,15
17254,11454,15
17254,11455,15
17255,11454,15
17255,11455,15
17256,11453,15
17257,11453,15
17256,11454,15
17256,11455,15
17257,11454,15
17257,11455,15
17258,11453,15
17259,11453,15
17258,11454,15
17258,11455,15
17259,11454,15
17259,11455,15
17260,11453,15
17261,11453,15
17260,11454,15
17261,11454,15
17262,11453,15
17263,11453,15
17262,11454,15
17263,11454,15
17264,11453,15
17265,11453,15
17266,11453,15
17267,11453,15
17253,11456,15
17254,11456,15
17255,11456,15
17253,11453,15
17253,11454,15
17253,11455,15
17254,11453,15
17255,11453,15
17254,11454,15
17254,11455,15
17255,11454,15
17255,11455,15
17256,11453,15
17257,11453,15
17256,11454,15
17256,11455,15
17257,11454,15
17257,11455,15
17258,11453,15
17259,11453,15
17258,11454,15
17258,11455,15
17259,11454,15
17259,11455,15
17260,11453,15
17261,11453,15
17260,11454,15
17261,11454,15
17262,11453,15
17263,11453,15
17262,11454,15
17263,11454,15
17264,11453,15
17265,11453,15
17266,11453,15
17267,11453,15
17253,11456,15
17254,11456,15
17255,11456,15
17253,11453,15
17253,11454,15
17253,11455,15
17254,11453,15
17255,11453,15
17254,11454,15
17254,11455,15
17255,11454,15
17255,11455,15
17256,11453,15
17257,11453,15
17256,11454,15
17256,11455,15
17257,11454,15
17257,11455,15
17258,11453,15
17259,11453,15
17258,11454,15
17258,11455,15
17259,11454,15
17259,11455,15
17260,11453,15
17261,11453,15
17260,11454,15
17261,11454,15
17262,11453,15
17263,11453,15
17262,11454,15
17263,11454,15
17264,11453,15
17265,11453,15
17266,11453,15
17267,11453,15
17253,11456,15
17254,11456,15
17255,11456,15
17253,11453,15
17253,11454,15
17253,11455,15
17254,11453,15
17255,11453,15
17254,11454,15
17254,11455,15
17255,11454,15
17255,11455,15
17256,11453,15
17257,11453,15
17256,11454,15
17256,11455,15
17257,11454,15
17257,11455,15
17258,11453,15
17259,11453,15
17258,11454,15
17258,11455,15
17259,11454,15
17259,11455,15
17260,11453,15
17261,11453,15
17260,11454,15
17261,11454,15
17262,11453,15
17263,11453,15
17262,11454,15
17263,11454,15
17264,11453,15
17265,11453,15
17266,11453,15
17267,11453,15
17253,11456,15
17254,11456,15
17255,11456,15
17253,11453,15
17253,11454,15
17253,11455,15
17254,11453,15
17255,11453,15
17254,11454,15
17254,11455,15
17255,11454,15
17255,11455,15
17256,11453,15
17257,11453,15
17256,11454,15
17256,11455,15
17257,11454,15
17257,11455,15
17258,11453,15
17259,11453,15
17258,11454,15
17258,11455,15
17259,11454,15
17259,11455,15
17260,11453,15
17261,11453,15
17260,11454,15
17261,11454,15
17262,11453,15
17263,11453,15
17262,11454,15
17263,11454,15
17264,11453,15
17265,11453,15
17266,11453,15
17267,11453,15
17253,11456,15
17254,11456,15
17255,11456,15
